f = 5e9;
